-2.250723818	1.188651223	-0.3624433	-0.524940697	-0.124483027	-1.615652967	3.993382363	0.405739354	-2.002577152	-3.21937199	1.228668563	-2.581692204	1.189352371	-1.846478839	0.12110464	1.604945312	-2.164193885	1.110084052	-1.22227436	-0.233235408	1.14696773	-1.425407688	-2.914892908	0.222713204	-0.188819816	-1.565042651	-2.966223235	0.849068403	-1.655614799
-2.777897128	-0.036922698	0.242618442	3.545121159	-2.421196723	0.442654021	1.825606589	1.377678231	-0.484522585	-2.88370743	-0.350678975	-2.437421949	1.431277372	-1.47249213	0.033045406	0.033077313	-0.224442212	-1.257343301	-1.564437292	-0.732287029	-0.505996694	-1.24896714	-3.218101032	-2.203905107	-0.289042164	-1.644904133	-2.579173975	0.998997279	-1.496401658
-0.202377847	0.565378956	1.657362369	-0.354073857	1.269028897	-0.49873718	2.096798862	2.190732855	1.085439041	-0.117753841	-0.336733425	-1.661489804	1.463791136	-1.735903319	0.737065329	-0.248607538	0.09345315	1.286820328	-1.463896569	-0.937478331	0.962846986	-1.135307126	-1.886849234	0.850800748	-0.932377147	-0.650439998	-2.148794449	-0.170955108	-1.351513414
0.988172888	0.300408301	0.895313716	-0.58597156	1.75956528	-0.074490029	0.99383136	1.012157347	0.236963053	-0.163165319	-1.756357381	0.45584934	-0.013487496	-1.243860393	-0.483334774	-0.86419043	0.635842065	-0.082285826	-0.516933889	-0.649661677	0.199577644	0.062874673	0.179568759	-0.360819829	-0.334033045	1.133413229	-0.658701944	-0.585904982	-0.321437568
-1.276839421	0.450669587	0.80640578	-0.127443169	0.257920832	-1.866105179	1.800108121	-1.170255776	-1.260413362	0.50343379	-1.208699691	0.036892888	2.605655113	-1.667110772	0.235520671	0.779025147	-0.154349342	0.498593527	-1.469589826	-0.449223768	0.424555962	-1.373826165	-1.792847321	-0.233422404	-1.216941422	-0.073932263	-2.505691861	0.569986483	-1.473109025
1.332144218	0.514844949	1.053407846	0.136321891	1.75647062	0.335764656	0.552711606	1.845037514	0.945311029	-1.566095258	-0.519209902	-0.19604447	0.055226366	-1.261896458	-0.45867695	-0.881800718	0.636851412	-0.590411265	-0.51506746	-0.638505316	-0.274106114	-0.636373155	0.42109575	-0.94131505	-0.839820047	0.171894966	0.684298464	-0.505616318	0.429904802
1.614357389	-0.492203165	1.622621241	1.18013139	1.343958799	-0.804031966	-0.687329538	1.624703303	-1.601892892	-1.008711438	-0.3216765	-1.827315332	0.885775728	-1.573809398	0.213386953	0.395240362	1.583331975	-1.046294119	-1.485506617	-1.671375278	-0.236464939	-1.465629413	-0.891763146	-0.46992172	-0.779113302	-0.092411996	0.101218819	-1.288898124	-0.754152468
1.969292629	0.696449882	0.030840162	0.323504335	1.884647706	1.383234611	0.43346821	1.565996767	1.98061444	-1.941831725	-0.52206474	-0.270870224	-0.414918532	-1.134337677	-0.7613775	-1.827424554	0.401208288	-0.061263372	1.521955396	-0.223460552	-1.667610619	0.10870364	0.717762531	-2.838401293	-0.112162165	-0.059753734	2.111921373	-0.659861088	0.637999445
1.973619386	1.637216748	-0.798548664	0.614854094	2.046412887	2.055172578	0.076328088	-0.531499312	1.151497297	-0.4674791	-0.813248752	0.3025691	-0.983114916	-1.113735694	-0.423322342	-1.29934208	0.762936243	1.183660911	-1.141722346	-0.0136801	-0.015715417	-1.586965167	0.941594009	-2.069902195	-1.100786045	-0.012764116	2.082167484	-1.569633631	0.244025941
2.265106772	0.831556316	-0.070005995	2.132441116	1.761458388	1.461303828	-0.853371274	-0.133448722	-0.814887405	-0.790687768	-0.32845404	-2.321181804	0.704373207	-1.19859475	-0.187767019	-0.156173994	0.144350606	1.498929148	-1.305729539	-1.081824905	1.302973675	-0.431205303	-1.709567368	-0.639809487	-0.632546393	-0.812367072	-0.555872163	-2.22362814	-1.072712656
2.623146041	0.876657898	-0.628666961	0.824144037	2.155946863	2.088895032	-0.353176496	-0.234574531	1.702195426	-0.757231131	-1.373371798	-0.129839186	1.21747245	-0.291536627	-0.745866544	-1.29475882	0.175217309	-0.027501941	-0.428624637	-0.997728539	-0.293595462	0.805231657	-0.377385301	-1.131836223	-0.557626002	0.354834748	0.756479356	-1.628829785	1.744146455
2.835622515	2.220501473	-3.79961295	2.485939546	1.872700278	3.627868481	-0.585904572	-3.346690914	-3.205789722	0.140918529	-2.022935515	-3.836034677	-2.022074321	0.614145764	7.634308926	-2.580646473	-0.137488766	1.596454121	-1.985002834	-0.518546464	1.400065398	-1.555923032	-2.39031309	0.951518236	-0.62004789	-0.473762355	-0.136608093	-4.717604777	-0.953129263
0.820163965	-0.339575113	1.960585607	0.806338886	0.367689616	-1.253084833	-1.989667284	0.757190615	0.21664135	-0.496390618	0.785242246	0.936050875	0.12723907	0.013140597	6.523291501	-2.150706382	2.914219607	2.265274188	-1.961475318	-1.294977106	1.047217875	0.404919585	-1.380929174	1.541326875	-0.417160785	-2.743628707	-1.141900437	-2.453678911	-1.499887154
0.445239387	-0.088120162	2.668937048	1.888706093	0.459501937	-0.973067386	-1.717891301	0.587967953	0.265603827	-0.392123567	0.756879743	-1.614223984	2.181255374	0.488221817	0.963696719	2.079483179	2.139108283	0.82398867	-1.802917183	-1.18172252	0.631191427	-0.688624667	-2.627238997	-0.70326832	0.120374568	-1.964315197	-1.391249817	-0.943336299	-1.12114002
-1.982115397	0.48311461	-0.491739776	1.530420273	-1.565311525	-0.224460046	0.839130386	-1.695192702	0.749171706	-2.745004686	0.001026087	-0.755620385	3.270033402	-1.444047574	-0.120127502	1.046837479	0.721321377	1.36980471	-1.910296104	-0.097914551	0.703294074	-1.727689623	-2.007324997	-0.636251851	-1.380010833	-0.929630905	-2.250100094	0.701799471	-1.465360164
-2.002699854	-0.484668164	-0.560196315	2.119520932	-2.420328182	1.250210427	0.797549664	0.945249301	0.689414906	-1.075285829	1.186388847	-1.157043832	1.831892818	-2.220427293	0.167467516	1.056214137	2.401048549	1.119704953	-1.16910912	-1.246724011	0.321846283	-1.187645721	-1.697355841	-1.41996112	-1.331298116	-1.500474118	-1.97280858	0.843082565	-1.32048786
-0.824643716	-0.602527408	-1.107791638	0.383972587	-1.249803318	1.105212412	0.877058764	1.155113109	-0.979823949	0.782078695	0.41340057	0.679284347	-0.244444351	-1.383925177	-0.217113058	-0.310974423	1.041710979	1.085854068	-0.977340283	-0.591969484	0.527229303	-1.129611895	-0.58657148	-0.278677887	-1.609386023	-0.734680389	-2.098369146	0.387679051	-1.251940308
-2.185097279	0.193048392	-1.311056776	1.51317331	-2.017388264	-0.290776636	0.798387777	-2.914147435	0.295001236	-3.413387011	-1.160280446	0.260507296	1.148221695	-1.19016575	-0.430542236	-0.750786819	0.578932778	0.118146354	-0.607068377	-0.479610841	-0.879906187	-0.281345273	-0.271852875	-2.451792128	0.744180198	-0.096224859	-1.708180494	1.218145529	-0.669559701
-0.800882295	0.607793501	1.986373323	-0.242547149	0.854022335	-2.095123314	1.640482962	1.337017934	-1.075314245	0.081812795	-0.864393128	-0.489134974	0.445589421	-1.834464846	0.078277728	-0.014805677	0.867080235	1.458568246	-0.615617636	-0.389136378	-0.128754923	-0.353270993	-0.447685279	-1.67383429	-0.586493675	0.033653765	0.363400144	0.741566359	0.615051789
-1.663129961	3.371449547	0.582422359	1.670867745	0.655261545	0.704888373	2.245227691	-0.200768953	-0.088769775	-0.331099397	1.612603222	-0.05102007	-0.364771679	0.863200454	-1.033226609	-1.251831736	-1.928890541	1.054812524	-1.949810735	3.874157487	-0.337985576	0.379433306	-0.920174897	-1.824633187	3.549881339	-2.795026236	-1.457078336	0.544750712	-1.809489703
-1.271195322	0.542095661	0.293016652	-0.5189964	-0.325802246	-0.982623278	1.209016851	-0.447271233	0.843359062	-0.865345953	0.928890153	0.175847461	1.086079321	-0.558909604	0.113262717	0.879747053	-1.0896607	-0.184941901	-0.764197711	0.116615146	-0.057479151	-0.630166569	-0.72205166	0.194461546	1.162594003	-0.444277488	-1.732650382	0.653223687	-0.455142407
-0.581969161	-0.087696988	0.774424525	0.949272496	-0.327254753	-0.164103875	0.011394468	-0.351608297	0.621315117	0.359062971	-1.393432316	0.118772288	0.489717854	-1.52022944	-0.443246175	-0.843250019	0.055320687	0.824729295	-0.080880491	0.131920946	0.298307433	-0.656926295	-0.2647325	-1.52892325	0.067524887	0.331073386	0.756093239	0.341880343	1.415585996
0.713995625	-0.683622252	1.329898889	0.483211671	0.349279597	-1.104553797	-1.402831823	-0.347522112	0.186146859	-0.204596884	-1.204032735	0.307913859	0.12086957	-1.67340004	-0.275625099	-0.610669531	1.139761969	0.60357035	0.795625912	-0.831922241	-0.518411864	0.266872109	-0.196306647	-1.926300709	-0.629252897	-0.01946868	0.434664455	0.456139408	0.771288799
0.379959603	-0.1330573	0.754574617	-1.16239625	0.736564486	-1.172795135	0.049890609	1.072200595	-1.618991772	0.486724795	0.167841704	1.525086618	-0.203197824	-0.622559188	-0.259614395	-0.905653937	0.940401383	1.919031272	0.108126058	-0.753684264	0.047956	-0.275984466	0.006156272	-0.508449855	-0.817446574	-0.313214664	0.016519672	0.273195764	0.44932885
1.255023474	1.387140031	0.913224474	1.058460853	1.585116123	0.751913317	-0.502252688	0.83293038	0.020651177	-0.171963074	1.366889527	-0.912543823	1.382233767	-1.088902975	-0.844332595	0.951642289	-0.159776374	0.255535713	-0.827211962	0.369456832	0.109506367	0.321649212	-0.861141478	-0.896206468	0.455945742	-1.948315855	-0.827961731	-0.678390666	-0.386958778
1.954056352	1.030573185	0.653663082	1.84750698	1.691743028	1.409556301	-0.681729609	1.143072264	0.75677261	-1.388012272	0.846779348	-1.410641777	0.229988108	-0.984757864	3.972168741	-0.670106796	-0.122806905	0.977477032	-0.014471153	-0.550365106	0.958391585	-0.129770921	-1.673600032	1.942589701	-2.194344268	-1.787257588	-0.599415202	-3.781317365	-2.288598069
-0.84662138	0.061726708	0.001567991	-0.932670068	-0.695144629	-0.582101228	0.201980515	0.450425482	0.843859713	-0.289956787	1.996665883	-0.450485993	-0.026963356	-1.774069354	0.362163697	1.717455948	-0.487214316	-0.716608886	-2.505598811	-0.061027691	0.348958795	-1.506783406	-0.791199966	1.724576423	-0.606385825	-1.30223962	-1.501373224	-0.12058507	-1.207763467
0.254599876	0.302156842	2.166337037	-0.730068786	1.242769941	-1.464726256	0.902965114	3.352802507	-0.273509518	-0.837987795	0.152759175	1.174046967	0.302242093	4.102081927	-0.209686329	-1.099312663	0.7262692	-2.1909697	-1.057274238	-0.327632059	-3.323540525	0.67916976	-0.555483423	0.610957794	2.72785248	-1.120220565	0.150481741	0.100305709	-0.018760578
-0.931908195	-0.250821255	1.310834817	0.602730215	-1.083920522	-0.585439304	-0.7138463	1.60990081	1.275606258	0.099689676	2.048666629	0.607287867	-0.030373907	1.189378104	-0.10898509	0.495621196	0.25584112	-0.716495628	-1.096566427	-0.654255664	0.038446299	-0.253308145	-1.744375686	1.084666094	0.87137929	-3.222824852	-1.539045022	-0.320018253	-0.86348525
-0.339501711	3.265482065	0.708035981	0.036506763	1.521423192	1.994778474	0.892629802	-1.118633177	3.70047547	2.936271016	2.096871964	-0.316391888	-1.535819438	2.863216961	-0.535848993	-1.701635414	-1.579469734	1.577630706	-2.136252822	3.00653681	-1.929697186	0.578938487	-0.196868898	-0.758823565	2.436565965	-2.10710227	-0.376253801	-0.105888443	-0.541792036
-0.088241363	0.037137017	-0.956100683	-2.208449093	-0.306263074	-0.252623787	-0.154693017	0.447317383	-0.273618068	0.328989921	1.074621468	5.478228279	4.349046167	-0.884955258	0.478320258	0.593217149	1.72E-15	-5.03E-16	1.33E-15	5.13E-16	-5.67E-16	3.90E-15	0	0	1.81E-15	8.03E-16	-1.68E-15	4.70E-16	-3.46E-16
-0.023898008	-0.070230328	0.237086139	-1.220516525	-0.253486693	-0.199890575	-0.874686934	-0.307671532	2.838775897	-0.321291082	-0.387516173	2.197217624	1.419609108	0.514485245	-0.151959788	-1.206214591	0.501134959	-0.817155154	-1.176993132	-0.057361362	-0.390740787	-0.601969182	0.609305342	1.256680417	1.188850885	0.171584395	-0.467243071	-0.557226438	0.368436727
-0.642038727	-0.031589248	1.2442257	-2.111760781	0.055939965	-2.167596364	0.09256459	0.316878925	1.431113269	0.281666773	2.409611225	-0.220060176	1.395029719	-1.154889702	-0.078656411	0.56527016	-1.159588935	-1.656985414	-2.430759458	1.095647787	-3.319930517	-6.12733297	1.339620347	-0.676975732	-4.34876405	-0.17319529	-0.21440165	-1.252555785	-2.328051342
0.285687336	1.235778997	0.504004514	0.726935079	0.19419807	0.136491778	-1.278838083	0.769772744	-0.466009227	-0.31453344	5.049200596	-0.790346904	0.01680814	-2.021498364	0.443480369	1.676573797	1.72E-15	-5.03E-16	1.33E-15	5.13E-16	-5.67E-16	3.90E-15	0	0	1.81E-15	8.03E-16	-1.68E-15	4.70E-16	-3.46E-16
1.646333241	2.694606322	0.272587026	1.901520876	1.795588299	2.093808537	-1.290743873	-0.336283719	1.282485823	-0.599107816	1.785078613	1.728289129	-0.391899643	1.460217394	1.373630407	3.492507294	-1.255631217	-0.752104542	-2.145463178	1.556601455	0.243905589	-1.584658459	-0.647094149	0.898291576	-0.223197007	-2.580349514	1.888714933	-4.90854463	0.628605869
1.525954593	0.849072321	0.404516304	0.792976853	0.837568881	0.064100324	-1.935512881	0.473306595	0.164643435	-1.85162595	1.730927655	1.591761597	-1.275679615	-0.646123921	0.355817093	-0.005795256	1.669229794	-0.99610704	-0.724908471	0.582557353	-0.765909565	0.067407831	-0.132971774	0.838646207	0.894252798	-2.571004688	1.696188287	-3.387965941	3.072417174
0.289060486	-0.886299221	-0.628422505	0.272008734	-0.539331786	0.58653651	-0.441420131	0.317545115	-0.444712094	0.069776788	-0.579012242	0.160914729	-0.73144402	0.449518515	-0.460335244	-0.138901093	0.375090673	-1.535117084	0.230538955	0.0774964	-1.268610906	0.052065532	0.599245347	-0.11677886	0.113460984	0.649679244	0.78862127	0.194453244	0.991833841
1.35225273	0.548015318	-1.057732495	-0.706956644	1.127866702	0.736602378	-0.325829854	-0.67388473	-1.015932192	-0.215689875	-0.121675483	0.656345795	-1.208609319	0.107984112	0.321654363	0.882806574	-0.928404021	-0.885418313	0.924607964	0.571683852	0.384554358	0.124899877	1.17990458	0.9264718	0.159922924	1.288497481	1.62062551	-0.366480889	1.642308361
1.501759659	-1.417990121	-1.302923194	0.57166354	-0.231767499	1.123823089	-1.008118895	0.751743589	-1.16565321	-1.071703341	-0.250224765	-0.507743171	-2.030295747	0.638122199	-0.071492039	0.261781259	1.07080733	0.336829886	1.970563336	-0.984891687	0.476618924	0.773529249	0.970190522	0.962591083	0.206071412	0.887142993	0.330753026	-0.292279615	0.890058118
0.208329627	-0.418063645	-0.431590329	-1.182336383	-0.079086635	-0.549549867	-0.56521956	-1.248884755	0.808673008	0.07926755	-0.453456569	0.645521743	-1.112450555	1.679180738	-0.098162986	0.206380136	0.163260222	-0.047768542	0.506433659	-0.187916519	0.186704404	1.579939725	1.192725252	0.213537255	2.086708913	1.098162319	-0.222343092	0.537332803	0.295651336
0.117782821	-1.343281348	-1.050169694	-1.127548857	-0.843449866	0.186046269	-0.37914559	-0.188691379	0.939084027	-0.204954937	-0.386098772	0.666266679	-0.165101945	0.153841678	-0.186161935	-0.083764896	0.580504496	0.171506876	1.149482663	-0.943332886	-0.047941008	0.745238367	1.305987107	0.77289325	0.10142334	1.665335466	-0.132270636	0.597449487	0.778480268
1.724348207	-0.218352866	0.005773554	-0.746011461	1.542840126	0.044599728	-0.217625062	0.008338311	-0.294229926	-1.076595873	-0.688429376	-0.305352069	-0.314768752	-0.320266421	0.270241213	-0.045964758	-0.035448397	-0.927631609	-0.165139687	-1.014124178	0.065020385	-0.087005824	1.128363052	1.127724197	0.104333471	2.002585092	0.481007234	-0.915332243	0.616809303
0.311162702	-0.697898606	-0.050309015	-1.12128026	-0.089607295	-0.636085704	-0.759851495	-0.892888745	1.329698546	-0.144613316	-0.210468531	0.821300019	-0.712438735	0.204885131	-0.157942206	0.00426679	0.096990455	-0.123155004	1.074814637	-0.489126666	-0.49044637	0.824646705	1.238351585	-0.364630885	0.784654483	1.415038835	0.302319713	0.771120489	1.957080562
0.452965505	-1.358801843	0.206180016	-1.190172215	-0.118671889	-0.908011649	-0.88071478	-0.539842179	0.610097953	0.478555799	-0.795409332	0.197553998	-0.788411095	-0.385973109	0.171847691	0.365222366	0.098442654	-1.201338849	-0.486340474	-1.779758958	0.106199508	-0.649862262	0.791925616	1.02647446	-0.713837389	1.592463375	-0.073777443	-0.171604178	-0.101905285
0.602304429	-0.223560878	-1.574476041	-2.266896943	0.493176132	0.102286101	0.503576744	-1.288757772	0.161927429	0.414967491	0.609033313	0.115705005	-0.566536284	-0.058922762	-0.220613979	-0.777489186	-0.724945869	0.665027056	0.261561522	-0.398838769	2.117509261	-0.201851395	2.523086404	1.392039999	-0.805075663	2.550923718	0.900526953	0.731753018	1.281015123
-0.210875738	-1.90421249	-1.053236875	-0.446875334	-1.361319011	0.423751862	-0.034250599	0.364683953	0.461545124	0.15958628	-0.76207707	-0.484525472	-0.430070992	0.709675947	-0.262805203	0.360408853	0.0130706	-1.296980231	-0.295593573	-1.396348006	-1.033819006	0.613925022	1.379703753	0.702278776	1.045798519	1.866361577	0.219432961	0.302541803	0.800809643
1.168787632	-1.278068128	-0.977256466	-0.650619536	-0.16448233	0.330785111	-1.182178186	-0.083393886	-0.002826804	-1.039716632	-1.236541926	0.292108901	-1.518761969	1.97980648	-0.166056352	0.097811048	0.810710164	1.518386635	2.10968275	-1.286075346	1.952657446	0.825352163	0.571279458	0.793417499	-0.633671918	0.849310155	0.547793732	0.12773905	-0.258965341
1.82348185	-3.02087566	-1.582170696	-1.416431446	-0.615434131	0.332115814	-1.756089051	0.348968775	-0.429818404	-0.826368734	-0.703591393	0.160651909	-1.479275923	-0.518483415	0.241524077	1.038805572	1.274805121	-1.486438849	1.610929094	-2.975466592	0.160934118	0.277064516	2.105719227	2.092385076	-0.870261528	2.593867305	0.651157319	-0.155949831	0.06980117
-1.032353444	0.023697169	-0.824098934	-0.54009523	-0.915856622	-1.246379738	0.096874394	-1.632833827	-1.589205066	-0.409033283	1.308265216	0.627352477	-1.073282099	-0.900594265	0.101121173	-0.242937108	-0.725007995	-0.24969686	0.065768335	1.327941155	-2.988875468	1.095073895	1.662704337	-1.447704884	-2.876766803	-0.402018703	0.49651795	1.132152569	-1.587131419
-0.611134524	-1.45275931	0.237510875	0.784838291	-1.454777824	0.343071754	-0.540384799	0.721443066	1.337741132	0.182270761	-0.952404186	-0.109342803	-0.50094553	0.099538906	-0.076513514	-0.087482503	0.28047909	0.155271258	1.290487385	-0.856976694	-0.95610112	0.693174277	-0.609693191	-0.540433293	0.024345445	0.191354015	-0.459807103	1.071825414	0.251188799
-0.835283118	-0.063331606	-0.515146557	0.025857704	-0.848673333	-0.123808303	0.155548327	-1.041985328	0.490798831	-0.253223889	-0.561073478	0.021408298	-1.118494628	2.234993163	-0.134249309	0.548844325	-0.10701282	0.570641029	0.932478259	0.296998931	0.276536779	0.860084971	0.097123239	-0.435126861	0.434656163	0.092559209	0.129257631	0.745205725	1.293281125
-1.20359015	-0.891489739	-0.588067492	0.86632555	-1.655872015	0.415336371	0.529353148	0.252568986	0.395052469	-0.643623901	-0.610981567	-0.474397025	0.055072395	1.512139149	-0.74835863	-0.606646942	-0.851143379	-1.738954516	-0.008046769	0.493543196	-3.017878361	-0.443907848	0.747294454	-2.50717179	-0.526752993	1.237265832	0.506081273	1.036502098	-0.346363454
0.788406884	-0.337476291	0.979702213	-0.535151116	0.88653175	-0.7678246	-0.12553172	1.027356482	-0.128880986	-0.668563877	0.351205505	-0.444209471	1.014900019	0.028173553	-0.145110312	0.401864098	-0.783284475	-1.351634351	0.058366914	0.130989195	-2.377748113	0.000622912	0.865278252	-0.860689876	0.484517198	0.708604675	2.225556977	0.817499146	-1.653582389
-0.234983087	-1.421976688	-0.486873885	0.32469699	-1.129013641	0.916694559	0.075349871	1.542004877	-0.180701334	0.912877739	-0.456260188	-0.059869826	-0.083006685	0.51380115	-0.191795958	-0.072628534	0.423213672	0.086196571	0.971170459	-0.714225301	-0.505412205	1.167139441	0.460720395	-0.563406498	1.142156415	0.746218965	0.239118192	0.88211909	1.097637712
0.060344948	-1.282999154	-0.568982423	-0.306772814	-0.811295899	0.693363161	-0.355670742	0.651653213	0.253565942	1.135217328	-0.55768005	0.256620282	-0.358043036	0.152548154	0.06707657	0.616736091	-0.055833445	-1.012523506	0.710084129	-0.817919403	0.174216607	0.245157955	0.555708292	0.019443483	-0.552527391	1.342580261	0.349090634	0.253979295	0.572167532
0.239685253	-0.769282524	-0.907131115	-0.448149675	-0.385902963	0.851284001	0.04778649	0.463522369	-0.102468038	0.717700455	-0.383602849	0.614823908	-1.258048519	0.492624337	0.173237321	0.222997147	-0.226202208	-1.152557181	-0.369333116	-0.051033588	-0.165545106	7.40E-05	1.296778038	0.242084102	0.85906372	1.570066249	0.454048837	-0.179257988	0.305463507
-0.790123041	0.423278214	-0.159878109	0.323940103	-0.478431427	0.369153664	0.515862714	-0.107525868	0.320048762	0.597896814	0.711846325	-0.296799212	-0.458197527	-0.055686995	-0.824362316	-1.907268163	-0.958689224	0.127742128	0.644989572	1.131832449	1.025995701	0.509071478	-0.287211785	-0.182620284	0.481708874	-0.434896834	-0.666748414	0.72504514	0.365045639
-1.183855246	3.04689451	-1.05710088	-1.283254603	1.174114776	0.846891988	3.590072847	-0.722003977	1.981756662	-1.99796608	2.240910354	-0.959166704	-0.578591918	0.015630132	-0.675910133	-0.066049319	-2.247021319	0.809873584	-0.024015937	2.422692302	1.383264127	2.870908719	0.947935184	-0.087362216	-0.785928685	-0.338516077	0.818807042	0.469698864	-2.985360462
-0.360805792	0.595406131	-0.232036848	-0.542304249	0.045568433	-0.349297456	0.131687365	-0.865892868	-0.272236254	0.778719726	0.877839585	0.632605415	-0.77803243	1.497165218	-0.092280477	0.439907199	-0.612137686	-0.475367875	1.043908214	1.534237813	-0.733933669	0.646089464	1.171319566	-1.150206024	-0.087380092	-0.039355742	1.197587647	0.705819472	-0.166019078
-0.701265643	0.455579419	-0.85440217	0.294463093	-0.442556986	0.986393622	1.052399949	0.317417988	-0.922847508	1.082335366	0.224843568	0.033138517	0.107829629	0.734259851	-0.355107156	-0.374303894	-1.101879476	-0.172054355	0.618282714	1.387230165	0.568265143	0.537239308	0.243002113	-0.494503349	0.802672738	0.281717168	-0.490008053	0.636524033	0.80373382
-0.618405416	0.973649022	0.078822363	-0.297723415	0.300737563	-0.401520947	0.746804578	-1.242201358	0.395755234	0.358230152	0.004207663	-0.847180763	-1.258693747	-0.231410157	0.03606885	-0.094633717	-0.978700377	0.176297677	-0.054416618	1.141922356	0.972261458	-0.221122508	0.065728678	0.035544027	-0.788885394	0.06940696	-0.068934486	0.333535838	-0.427872086
0.632526828	0.036902813	0.04413533	-0.882219338	0.793743928	-0.364572858	0.016338803	-0.093550011	-0.452514477	0.162042409	-0.119035071	-0.358399694	-1.869963294	1.029216807	0.548081942	0.823553473	-0.936623489	-0.842979466	-0.391301876	0.703935683	-1.517924186	-0.069003161	1.633191184	-0.830985002	-0.312354275	1.106645904	2.17882827	0.308565469	-2.942434809
-0.162338315	1.93355566	-2.31859578	0.075174818	0.356948435	1.864866399	1.240371409	-0.983527795	-2.373243515	0.768495858	1.57958218	1.096470911	-2.077817554	1.134159655	0.288257547	-0.371101551	-0.95562058	0.211046149	-0.088754633	3.151494147	1.977698651	-0.991946173	2.44660041	-1.298869079	-0.677254989	0.318378711	-0.91025022	0.080540524	-1.168333455
-0.475464364	0.523774574	-0.896178408	-0.117073061	-0.267011231	0.633819722	0.658010888	-0.430973242	-0.275975526	0.294912878	0.398211804	0.101804921	-1.100914179	0.478136079	0.110891423	0.772189724	-0.462386701	0.087065923	-0.050427853	1.152457572	-0.091704419	-1.355774983	1.507108249	-0.523325091	0.732806223	0.651726884	1.371727477	0.375517638	1.816221868
-0.071359834	0.30672029	0.451406957	-0.213609063	0.252936547	-0.224269211	-0.150824877	-0.492469292	0.770868347	0.713212437	-0.461896592	0.519499191	-0.600647269	1.268171607	-0.036868146	-0.650352024	-0.776283568	-0.295894534	0.48308756	0.768175981	-0.097312336	1.076231594	0.602297257	-0.558825872	1.707336838	0.318330223	-0.249388289	0.081926223	0.17917234
-0.630924534	-0.8960503	0.341112686	0.850468978	-1.115284903	0.050701746	-0.583266638	0.259849497	0.044642116	1.162372422	-0.749235904	-0.122621176	-0.0641807	0.75313888	0.34124391	0.953575789	0.204197276	-0.5067142	-0.447452672	-0.525309108	-0.57519286	-0.628564361	-0.911042674	0.11961437	-0.573449002	-0.730084526	-0.252873806	0.142954081	-0.273527133
-0.648571782	0.093440245	-1.398998656	-0.477290604	-0.743441432	0.581631992	0.75448581	-0.265048686	-0.442192224	-0.083932753	0.102426421	1.003985142	-0.634724957	0.783724216	-0.505956856	0.167287508	-0.211857965	1.311181714	0.273354708	0.424180435	1.442443742	-0.037076082	0.577070288	-0.023235681	-0.760633532	0.190943685	-0.502282543	0.590130351	-0.103819228
-0.581766832	0.329167408	-0.344842063	-0.747220912	-0.100578501	-0.501265783	0.486508698	-1.616415119	0.869000603	-0.051686226	-1.318966923	1.606767363	0.564293865	1.686888681	-0.439111358	0.016108329	0.169292266	1.813944742	-0.866487597	-0.216121395	1.770508303	-0.706841036	0.026421094	1.144902551	-0.382159302	0.658970542	-0.818643687	0.160274078	-0.59363714
-0.730294388	-1.026127791	0.190130369	1.291726443	-1.305292451	0.797796438	-0.05150262	1.247046728	0.053972999	1.359429829	-0.825432834	0.171390752	0.220803799	1.004952591	0.250801624	0.611764188	0.842118455	-0.294335942	-0.644089802	-0.807420641	-0.02253985	-0.531183146	-0.647791325	-0.23058072	-0.228523503	-0.334899677	-0.457549642	0.06106162	-0.414400102
-1.334853902	0.056362716	-1.088104004	0.081511173	-1.295627047	-0.17903473	0.570062245	-1.442585315	0.149358526	-1.261666177	0.51468477	0.333365191	-0.398050348	0.183638651	-1.173951602	-0.173486707	-0.816437478	-0.486712681	-0.508208839	0.967000018	-1.657060333	0.41399831	1.164289725	-2.574842424	0.152574363	0.633732839	0.12166515	0.927842585	0.146527553
0.144507882	1.027342751	0.554091464	-0.475279885	1.207865389	-0.365435991	0.648273223	-0.601245603	-0.444656129	1.031531044	-0.963580273	1.598402622	0.887354599	0.57719326	0.129938264	0.252919448	-0.712572315	-1.255571678	0.169920424	1.176756024	-0.50547251	-0.627840434	0.421154041	0.11152042	-0.672734245	0.865563963	0.341359645	-0.106720352	-2.003620598
-0.865408427	0.431698662	0.109192314	0.424211474	-0.551196621	0.073662602	0.212360224	-0.621075528	1.251651312	-0.166520383	-0.072173486	0.176432707	0.862326025	0.272214016	-0.093138814	0.684017805	0.299118795	1.340271439	0.052834048	1.011433696	0.513718878	0.287306438	-0.1948412	-0.088037992	0.612767644	-0.454671395	-0.310220091	0.35778804	0.412429314
0.252120392	-0.670290171	0.248010733	0.751619567	-0.395555288	0.467096841	-0.924987445	0.191592526	0.59436173	0.014617073	-0.464394257	-0.740016767	-0.006568636	-0.352392524	-0.162997472	-0.172175576	1.338663284	0.163425116	-0.669644302	-0.533626254	0.212057617	-1.386283066	-0.360850249	0.385992068	-0.752425051	-0.040090412	-0.579462439	-0.606569123	-0.785596629
-0.028454168	1.750567007	-2.818950901	-0.446222598	0.517735383	1.875234705	1.484548398	-1.950981807	-2.315913905	0.823565166	1.008947675	0.392940987	-1.289787692	0.59081954	0.033057831	-0.194451753	-1.150034671	0.312774506	-0.737619373	2.591024857	1.965935684	-2.599167337	2.439103052	1.657014325	0.851392065	1.704364382	-0.789113806	-0.968835862	-0.315594174
-0.523606497	-1.419887737	-0.171819952	1.586761342	-1.619351853	1.521870748	-0.152880519	2.593475232	-0.827502354	1.668956401	-0.656040427	-0.132413627	-1.271580063	0.549667727	-0.195907266	-0.043996685	1.835256123	0.252673844	1.056503315	-1.075607755	0.306143947	0.521529858	-0.582126839	0.743034055	0.639875197	-0.742065736	-0.730255466	0.318379219	-0.632366456
0.516253836	0.652045268	-0.796802753	-0.066294113	0.432133714	0.720251338	-0.248354655	-0.663815435	-0.570332157	0.046802753	0.625431863	0.04674874	-0.866572469	-1.398083265	-1.237404771	-2.823130785	-0.289742503	-0.012615156	0.295077783	0.972960443	0.477444779	-0.188336338	0.78092011	0.778336598	0.935343073	0.100938693	-0.416615002	-0.373885703	0.563931441
1.945508912	-2.010127115	-1.608370887	2.490721353	-0.907512064	1.497237747	-1.83216882	1.451568794	-1.690131706	-2.720732098	0.285370919	-2.985745442	0.808172428	0.004904159	-0.371717384	0.138069416	4.525010515	-4.489783221	-1.649942112	-1.550312985	-0.504668465	-0.603089899	-1.171109477	0.327965522	0.114934193	-0.760082924	0.935575146	-2.536373044	-0.621749801
0.42525485	-1.293552803	0.004380393	0.914797241	-0.799870306	0.260761001	-1.572768889	-0.120025245	0.155139735	-0.485758211	-0.586065226	-0.340469388	-0.885740251	-0.180690411	-1.158302041	-4.265119369	1.131387415	-0.402825855	1.109761487	-0.62190279	-0.273225108	0.791407915	-0.16713421	0.698163731	0.239621756	0.255725704	0.566538464	0.227221	0.547010587
-0.926310433	0.735260495	0.246309207	-0.171038959	-0.201708916	-0.757822457	0.253425689	-1.552575747	0.778699385	0.222554427	-0.176239268	0.645164962	0.371870728	0.193754784	-0.107528257	-0.208305941	-0.321239952	-0.189504097	0.525103115	1.129267743	0.488342772	0.435696931	-0.574952571	0.019804631	0.283844057	-0.431251715	-0.275587013	0.643534503	0.125805564
-0.904787277	-0.029817333	-0.811471775	-0.062253044	-0.810120042	0.454123006	0.95553626	0.007151917	-0.02242531	0.228262595	0.017843858	1.334628082	0.459414996	1.117176537	-0.549171388	0.025653922	-0.619840103	0.363260106	0.54445892	0.738772464	0.433592939	0.673649937	0.526887562	-0.687226165	-0.183658587	0.287420251	-0.896202107	0.784091934	0.064191501
-0.292050404	-0.845774735	-0.8472872	0.593430752	-0.921645779	1.261413643	0.47817195	1.405972584	-1.383404181	1.78536473	-0.98281641	-0.284136822	-1.453516915	0.210745246	-0.331200816	-0.571185562	0.578761373	0.592577514	-0.277177402	-0.528102965	1.419746013	-0.211539619	-0.347926276	2.060460585	-0.026379946	-0.046995037	-0.991694061	-0.125792491	-0.89104922
-0.537742497	0.864259118	0.8670888	-1.057817332	1.113680043	-1.244823056	1.900479168	0.046929129	-0.481117675	0.557622343	-1.115235442	-0.703545268	0.845532218	-0.641182626	0.352172641	-1.24186489	-1.013972941	-1.978211966	-1.186242021	0.711523924	-0.912296539	-1.452167778	-0.390911516	0.219961996	-0.750591392	1.03305858	0.108440696	0.082682493	-0.511178129
-1.185393234	-0.256911283	-1.050197872	0.180007374	-1.495726138	-0.458067011	-0.019672453	-1.499940452	-0.06155513	-1.330509542	-0.268265274	-0.351943709	1.121577369	-0.78027148	-0.508744912	0.293644285	0.495003877	1.79389955	-0.173024891	-0.479016706	0.616521297	0.228538935	-0.990094405	0.753128391	-0.185727325	-0.827732954	-1.159066726	0.878916389	-0.978144145
-0.20869717	-0.495399797	0.322700735	0.145669747	-0.230632855	-0.027604803	-0.032252639	0.164747683	-0.428705277	1.302727321	-0.267973982	-0.074688918	0.793001317	-0.554392529	-0.125134401	-0.088997805	-1.182879709	-1.208588029	0.598236795	0.51823562	-1.009481558	1.853837387	0.140556258	0.22711233	2.398744925	0.35991145	0.390594982	0.318399768	0.99469431
-0.062537758	0.130965074	-0.478748383	-1.363998371	0.018158416	-0.119418245	0.034600616	-0.428206259	0.613624441	0.722096761	0.0820863	0.477188374	-0.602962677	-0.155414867	-0.040953286	0.122041401	-0.506951651	0.025498377	0.043745609	0.180300965	1.51470067	-0.070102279	-0.022008205	1.464688385	-0.326337498	-0.146364832	-0.801290632	0.292367604	-0.468775246
-0.251118962	0.191030188	-0.819242572	-1.383948098	-0.151044087	0.07307123	0.352732942	-0.307425233	0.306059774	0.56162515	0.998669743	1.072114814	-0.034569544	-0.211107454	-0.04760153	0.237795325	-0.869624667	0.63764389	0.229351678	0.685118054	0.765840378	0.2696444	1.168839343	-0.323639368	-0.082922914	0.2332803	-0.293856115	0.174412466	0.155359153
0.305848711	-0.208553728	1.07330203	0.475975542	0.277893244	-0.583353904	-0.806523308	0.577583715	-1.212494222	0.257272517	-0.138974422	-0.083770202	0.177322851	0.017375789	-0.300246339	1.738259949	-0.668101567	-0.356469165	0.648133544	0.276497682	-0.568996739	0.495625576	-0.472293785	-0.525784082	0.090598208	-0.485088668	0.753300113	0.106948607	1.050986197
-0.553273383	0.193248742	1.295488703	0.234955485	0.108407101	-1.265842047	-0.288290006	-1.323674306	0.87518977	0.489045513	-1.485508956	0.53286367	-0.119014718	2.349486843	0.190548077	0.997342904	0.014481907	-0.865970405	-0.109435835	0.43271014	-0.760908955	0.723169098	-0.461883228	-0.678409163	0.997087826	0.129712739	0.520104395	0.104640198	0.756224143
-0.060621678	-0.071842482	-0.095892273	-1.344966567	0.046789392	-0.705476279	-0.20716298	-0.421223351	-0.002254324	0.592180668	0.34412653	0.399057063	0.183771172	-0.231264501	-0.065896939	0.102216872	0.230593455	0.673869703	-0.194130131	-0.01469829	0.415232716	0.153141731	0.330575714	0.957984494	-0.263928014	0.069193045	0.661392907	-0.323781911	0.372666122
0.310008606	0.228204453	0.631789911	-1.64900824	0.900700272	-0.407709273	0.701982558	1.648362532	0.696437623	-0.018038589	0.342328083	0.28965286	-0.27866898	0.283938658	-0.132618715	0.358762036	-1.365483976	0.153037472	-0.099567578	0.327898183	-0.525215452	0.485918574	0.241365785	0.115889846	-0.216493606	0.14884536	1.35863038	-0.381751222	1.537875491
1.152464146	0.143873924	0.663463814	-0.156697062	1.030795258	-0.243692151	-0.915972915	0.27216659	-0.271324174	-0.581399061	-0.071334981	0.093518763	-0.688040556	1.023396322	-0.131637656	0.284664778	-0.197665974	0.452269653	0.449426079	-0.251330278	0.846939345	0.748079593	0.019683466	0.549684035	-0.140045623	-0.259523163	1.450312609	-0.602440933	0.779385458
-0.687651205	-0.104390805	2.193080514	-0.054406701	0.375641149	-2.317943385	0.430499884	0.611464531	-1.093935026	1.217085009	-0.391892364	-1.294641904	1.004808907	-0.315318229	-0.743622736	-1.699687768	0.248833371	-0.176426813	-0.813057537	-1.065043829	0.013627891	-0.158758744	-1.530127376	0.359413566	0.013495998	-0.81480703	-1.137221513	0.250231445	-0.673783386
-0.965148198	-0.537094601	-0.630997447	-0.192243657	-1.221007399	-0.467761744	0.012746415	-1.123440639	0.32020613	-0.21183555	-0.135200735	-0.18542806	-0.274236451	-0.310534005	0.137248367	0.522174925	0.758813956	1.196062498	-0.009185183	-0.811692999	0.197958128	-0.376200114	-0.132692409	0.790752476	-0.84096105	0.012443407	-0.346179952	0.490933293	-0.392627192
-0.848177895	0.37176717	0.765135874	-1.063863036	0.184039422	-2.265676659	0.774195968	-0.401257928	-1.228477226	0.096669951	0.643074931	0.456655598	-0.653290615	0.394102095	-0.203859416	0.313411369	-0.786622087	-0.718887001	0.200839777	0.346684703	-1.637014561	0.130394393	0.419283855	-1.921607452	0.314084912	-0.060346713	0.847934016	1.207952138	1.296977501
-1.175467416	-0.74948568	-0.25480464	0.001820864	-1.565691739	-0.801101041	-0.423501961	-1.379058213	1.387992139	-0.707085548	0.00495549	0.143952565	0.678075351	-0.930308882	-0.441716267	-0.851061578	0.247621387	-0.262655121	1.481277777	-0.840425548	-0.348255435	0.787910829	-0.74697404	0.232617195	-0.176356297	-0.347992119	-0.740140484	1.084651185	0.138405215
-0.536450841	-0.850358381	0.284727551	0.628712842	-1.110743718	0.313063917	-0.495310511	0.6570865	1.235597516	0.503820776	-0.172482871	-0.315812725	-0.347778053	0.326139146	-0.229286728	-0.236306386	0.323198675	0.576133479	1.286052653	-0.23620149	0.058309259	1.440995201	-0.148600562	-0.284961164	1.086394639	-0.338978677	-0.731172621	0.806444169	0.539662985
-1.208466086	-0.679109347	0.135573626	0.911564329	-1.377302104	-0.328125204	-0.015671569	-0.733915922	0.536414416	0.118439276	-0.20509538	-0.719509909	0.683649328	-0.260294172	-0.448037691	-0.22911337	-0.020760676	-0.420584623	-0.444786815	-0.564160575	-0.806398061	-0.502076468	-0.723656665	-0.186730341	-0.444670295	-0.350372969	-0.639732788	0.744468087	-0.214613057
-0.112712512	-1.239271077	0.561315416	0.448490074	-0.888884652	-0.10155044	-1.267473406	-0.31613949	1.552006043	0.494553641	-0.737177114	-0.023375898	2.354977498	-0.164973938	-0.266786708	0.31438053	1.039715622	-0.681838284	-0.231246798	-0.713366751	-0.706931832	-0.164483283	-0.024087156	0.284523848	-0.00435109	0.479924385	-0.073488633	0.219301207	0.215466998
-0.749884089	-1.055176105	0.020585035	1.054722484	-1.355153262	0.57034123	0.062784704	1.109939646	0.4951156	0.095926593	-0.668471769	0.051172067	-0.84241499	0.078640111	-0.507818128	-0.711842633	-0.119712994	-0.09901691	1.614606348	-0.056598435	-0.833363961	1.631247871	-0.401936175	-0.263992557	0.445200629	-0.484465023	-0.255385931	1.00704228	0.828739413
1.133737441	-1.570267075	-0.140455842	-0.027686532	-0.186038377	0.01241866	-1.466108481	0.234526157	-0.253985042	-0.913473158	-0.589415433	-0.022141398	-0.316265411	0.465183472	-0.155729025	0.009406408	0.801680533	-1.811623248	0.997828299	-1.274486423	-0.895460297	0.803586649	0.757251309	0.447086494	1.009310286	1.26712294	0.707298707	-0.387422354	1.191208604
0.152101691	0.276648198	1.509430677	-1.083382201	0.972571923	-1.211993373	0.401630269	1.42142735	0.399519116	-0.04232899	1.43529373	-1.029060117	0.321141099	-1.428191596	-0.609221711	-2.427863882	-0.390277933	-0.374361886	-0.604726582	-0.194508222	-0.606701632	-1.510064203	-0.122732578	-0.595744534	-1.740703657	-0.556005754	0.530664869	0.139987035	-0.204839037
0.274513683	-0.682729854	0.822857361	-0.74331586	0.201879612	-1.001885589	-0.586433177	0.499948623	-0.498726531	0.614180111	-0.100967862	0.002182008	0.053867098	-0.724588261	-0.730184975	0.297068271	0.119711356	0.477078426	-0.130713432	-0.956652547	0.026777541	-0.247602976	-0.299497697	0.793036375	-0.663658001	-0.052766571	0.314193097	0.061776075	-0.041572027
1.012839189	-0.790536882	0.460904657	-0.251510477	0.428962981	-0.925910908	-1.045719071	0.514177232	-1.496538647	-0.652596506	-0.365407957	-0.024484555	0.00202945	0.038963855	-0.537089787	-0.130924387	0.928278859	-0.050282343	0.565351431	-1.095424987	-0.177535142	-0.061694824	-0.269724122	0.946404543	-0.452829911	-0.311241814	0.320520409	-0.052715902	-0.116514539
0.901648889	0.319347146	-1.213455024	-0.254719223	0.423209306	1.128800817	-0.395982239	-0.384899764	-0.657209548	0.105840011	1.348291856	-0.06087988	-0.218472079	-0.643884105	-0.164608643	0.516825975	-0.264670841	0.371529148	-0.021792668	0.837103757	-0.02446882	-1.012856472	1.225522442	-0.377018576	-0.88680141	0.454698437	0.7629811	-0.001356769	0.761799824
1.20068269	0.066741529	0.765317393	0.588702106	1.112033877	0.004120782	-0.519930223	0.56924702	-0.506624088	-1.296494307	-0.655244945	-0.632933437	0.35652236	-0.020011485	-0.225177674	-0.0423815	-0.708174793	-1.60311208	-0.655395809	-0.38353745	-0.022403996	-0.239209191	-0.59109301	1.072579955	0.285295656	0.176305073	1.209010066	-1.007992631	0.45152445
0.105681437	1.810261336	0.30086452	-1.039933856	1.441907091	0.774850404	1.288258698	0.456284835	1.749499319	0.713651002	1.885345254	-0.751628283	-0.435906098	0.724927499	-0.548486262	-0.283888958	-1.911242646	0.299671376	0.41367739	1.446003012	0.53736883	0.618830768	0.929655016	-1.66459563	-0.600486956	-0.300082236	1.930763587	0.612961821	1.681101685
0.237843779	-0.135156199	0.879419448	-0.98803932	0.619220614	-1.206546551	-0.009858626	0.612922945	-0.640632634	0.274969538	-0.203848612	0.551015337	-0.107219107	0.341637768	-0.171836104	-0.062813768	-0.390741772	-0.891137889	0.039739327	-0.019551149	-1.220724266	1.061448671	0.413638562	0.27034265	0.535249185	0.230692499	0.641281263	-0.01390866	-0.872921687
-0.212266643	0.183046146	0.32635487	-1.468017629	0.83545434	-1.064270894	1.262363764	-0.724874732	-0.25739779	1.573031216	-1.67851587	0.456332302	1.118684421	0.243138369	0.227136906	1.03973835	-0.971418202	-0.94867007	-0.575465338	-0.229329011	0.374343908	-0.809117695	0.399114593	1.217079095	-0.439218601	1.952178641	-0.057825115	0.13280643	-0.444458853
-0.531733109	-0.554630235	-1.233578774	-0.508993396	-0.951135194	0.672140247	0.488876502	0.032023369	-0.052409698	0.61522129	-0.058736767	0.643874531	0.003959793	-0.221374967	-0.092901835	0.481438827	0.221539089	1.034715893	0.567830982	-0.030197066	0.756710299	0.370552791	0.667246643	0.950852211	0.663490155	0.299330298	-0.720592156	0.351603214	-0.49318244
-1.324791575	0.100529882	-1.434212815	0.403551591	-1.385646704	0.646054544	1.073892912	-0.32766849	-0.373411006	-1.093186459	-0.05964682	0.647125147	-0.51059823	1.035327748	0.110234693	0.188526234	0.222003691	2.390945398	0.209128709	0.131156645	1.781321881	0.294822133	-0.516086882	0.327604346	-0.389882817	-0.703694594	-1.751334399	1.183042736	-0.843076086
-0.851662483	-1.284358095	-0.920385749	1.054375926	-1.699621966	1.498716702	0.535060949	1.343847331	-0.604127737	1.478421555	-0.363831496	-1.250775765	0.894167653	0.457242475	0.215837577	2.464874214	1.281302456	0.132544828	0.359070302	-1.186946385	0.131615036	0.32885973	-0.312279832	0.664329372	-0.207564642	0.285084188	-0.897093111	0.618300382	-0.601165121
-1.563129784	-0.374820772	-1.171909433	1.257408934	-1.875625216	1.295626912	1.194290227	1.002811913	-0.834712096	0.093494499	-0.426261657	0.527834055	-0.58789243	0.938129162	-0.017713347	0.200618078	0.265808265	0.400465579	0.608744002	0.043748039	-0.209771527	0.418661555	-0.508636754	-0.377545523	-0.009906897	-0.429955801	-0.81168025	1.047169198	0.08922479
-0.059483125	-0.868357985	-0.105882589	-1.688790594	0.049703481	-1.014473876	0.592718849	0.25672225	-0.792822723	1.169438234	-0.03133829	0.082572055	-0.068852231	-0.537090013	0.501974544	1.521784635	-1.33843878	-0.706593105	0.308348206	-0.21376595	-1.617293834	0.102286712	0.97323646	-0.68124951	-1.382244666	1.759047069	1.104509401	0.883032556	1.088248301
0.486023287	2.437520277	-1.401056688	0.149270599	1.153940637	1.61663701	0.213015228	-1.570516428	-1.354674102	0.852552338	2.463317945	-0.622138852	-0.122814795	-0.671420176	-0.034391587	1.85371492	-1.688197052	0.205943119	-0.383713922	2.795395203	1.56450595	-0.764845553	0.561053703	0.869661863	-0.156535139	-0.981651157	0.04723662	-0.064192981	0.048203227
0.665121004	-0.825200155	0.479353662	-0.572305817	0.349805448	-1.172799236	-0.989265377	-0.566830607	-1.143261933	0.05197553	-1.360601657	0.00021999	0.559432593	0.210354139	0.607262658	1.542040038	1.004129461	-0.878981824	0.578296969	-1.077461284	-0.420811719	-0.367960339	-0.11003908	1.173985948	-0.691862207	0.965753691	0.573150185	-0.01136656	0.243407519
0.176309032	0.213211729	0.493319518	-0.788859733	0.607795922	-0.537297824	-0.094400569	-0.758736578	0.789115542	0.546096491	-0.411703296	0.142035246	0.281409741	0.820680151	-0.325521011	-0.262731702	-0.357080091	0.062345382	-0.080409666	0.333745795	0.135531193	-0.216536852	0.718284526	0.231062237	0.404794791	1.038811726	0.449524088	-0.209048141	0.652468286
0.882100253	-0.32981607	0.331604169	-0.305509307	0.607714794	-0.168023924	-0.596975328	0.421887397	-0.426449156	-0.287332003	-0.246548129	-0.166971796	-0.945357445	0.261555682	0.025001536	0.094178449	-0.721416954	-0.127752021	1.577814287	-0.027015953	0.190777163	1.461494923	0.348646996	0.224933105	0.430686652	0.6283998	0.891855785	0.300437132	1.231831575
0.51037079	-0.550304302	-0.035913265	0.329424193	-0.020043011	0.287435276	-0.750505691	-0.086912025	-0.386543663	0.056048693	-0.451438841	-0.297281239	0.055501623	-0.837627384	0.053189352	-0.107361219	0.776908753	1.129137281	-0.506483116	-0.582085199	0.872179042	-0.685498972	-0.265340868	1.277223898	-1.140767345	0.203131222	-0.038157311	-0.389017862	-0.639153128
-0.522617965	-0.982352538	-1.233380319	-0.698383731	-1.152250128	0.583165202	0.396268027	0.334463858	-0.067306807	0.978897091	-0.174406812	0.242579905	-0.229778319	-0.517933264	-0.176602986	0.338809054	0.063421371	1.518526448	0.880637979	-0.713971974	1.080088078	0.685472726	0.269023964	0.633664671	-0.141636492	0.304989366	-0.921686062	0.767794496	-0.593911387
-0.369417507	0.25669477	0.182653332	-0.968626704	0.066139725	-0.648422186	0.1183461	-0.458514114	0.298326458	0.832300056	0.920222259	0.16660421	-0.426342071	0.094479159	-0.056085771	0.229535189	-0.938796114	0.261334755	1.002992141	0.860297279	-0.558189206	0.619228113	0.739986178	-0.956950004	0.66702259	0.258187047	0.623744201	1.119857562	0.640308613
-0.152984541	0.445300857	-0.283389574	-1.879330955	0.507378236	-0.778114216	0.655682985	-0.929847454	0.476427917	0.691084608	0.089642596	0.988849193	-0.075260694	0.088957736	0.052804045	0.840990457	-0.856985512	-0.103298521	-0.187447925	0.173051067	0.786256093	-0.645691265	0.681050092	1.108461416	-0.760158486	0.67660918	0.193407649	0.192702021	0.038074198
-0.115025214	0.823077329	0.842598291	-0.454958332	0.835782697	0.239216863	0.672091433	0.376365606	0.776776655	1.940612306	1.449719478	-1.592465106	1.874175559	-0.88728758	-0.221489138	0.536665897	-1.996115998	0.398264214	0.185665251	0.936316494	0.961799658	0.471205275	-0.496592855	-0.676971424	-0.354659031	-0.202122107	-0.456000842	0.472805427	-0.198425577
-0.369781354	0.780899488	0.924258735	-1.271585367	0.963031884	-0.792657866	1.42088725	0.379710159	1.292993033	0.447781481	-0.475019419	0.633040833	0.522622124	0.341079228	-0.08421973	0.213691151	-1.406913663	-0.526333656	-0.652992993	1.047736205	-1.185776082	-0.064556155	0.493891385	-0.469800537	0.480214609	0.91984302	0.442149652	0.221704551	0.880465502
0.134566512	-0.066929439	-0.86714775	-0.687245197	-0.086279608	0.47556238	-0.016879662	-0.451400773	-0.095318448	0.47504139	0.240249711	0.564649529	0.181640164	-0.111342628	0.771380395	0.459851245	0.016050852	0.862247226	0.137083692	0.402440468	0.57569892	-0.733724577	0.420994241	1.208631109	-1.339496904	0.295346612	-0.690825423	0.190309665	-0.586179878
-0.486534507	0.22715426	0.359351095	-0.539223373	-0.010722872	-0.779383914	0.110472419	-0.41399296	-0.551695308	1.348055783	0.503398418	0.041049721	-0.172687827	0.084187612	0.046264008	-0.138882885	-0.927686897	0.169066356	0.887046313	0.579476906	0.047087329	0.166914467	0.045465102	-1.099028922	-0.575264951	-0.127781872	1.114146894	0.695301465	1.364070311
-0.886128506	-0.082873148	-0.728648829	0.357285753	-0.808975583	0.637240991	0.998443197	0.177516285	-0.308454668	0.269119697	-0.318094764	0.750163373	0.280923415	0.554000334	-0.087848596	0.476443669	-0.586880346	-0.050765769	0.049158466	0.952646187	-0.706194751	0.234768534	0.916351869	-0.961943286	-0.180716474	0.684949464	0.071832178	0.292995039	-0.722845203
-0.014249606	-0.941072217	1.216565456	0.63646037	-0.438840732	-0.65359793	-1.321357441	0.006314325	0.333143451	0.812252062	-0.23376475	-1.604534597	-0.508856317	0.681150515	-0.738178691	-1.948273173	-0.092835324	-1.27891275	2.481669398	-0.480455228	-0.481174887	1.438491641	-0.58333098	-0.876402498	1.266951457	0.305653247	0.133802485	0.624410239	1.111461403
0.158181226	-0.138551858	1.95369606	0.531988784	0.484821191	-1.433426529	-1.284339815	-0.311502305	-1.070139563	0.916981764	-1.015359234	0.355652706	1.660374746	-0.257950724	0.400409292	0.892972707	1.00219315	-0.868147676	-0.507316377	-0.523434382	-0.014361521	-0.27508418	-1.353121711	0.196005321	0.51986779	-0.573195702	-0.163468521	-0.151613736	-0.426977065
-0.22558405	-0.776668122	0.781786192	0.583786367	-0.692038246	-0.257100924	-1.237268657	-0.422867866	1.078394697	0.677014176	-0.65981195	0.379484918	0.307798761	-0.162124298	0.427055564	0.54888341	1.72E-15	-5.03E-16	1.33E-15	5.13E-16	-5.67E-16	3.90E-15	0	0	1.81E-15	8.03E-16	-1.68E-15	4.70E-16	-3.46E-16
-0.532194855	-0.852154769	-0.526178391	0.87624556	-1.272954012	1.212923665	-0.036704729	1.356771383	-0.568622965	1.146129087	-0.299091393	-0.244067121	0.226288575	-0.676972646	-0.316207909	-0.223598473	1.658122707	1.19001455	1.063920164	-0.437536937	0.479433739	0.264877071	-0.624705935	0.691707312	0.863046852	-0.557944024	-0.54112246	0.286224308	-0.648340665
0.265318976	-0.463300025	0.446633912	-0.15853701	-0.027311497	-0.650299729	-1.081088799	-0.455758754	-0.487656095	0.486716026	-0.384098113	0.913134426	-0.619771474	0.281345403	0.193465889	0.664520162	0.277474875	-0.503184222	1.249366394	-0.299319569	0.183297192	0.268625076	-0.166543091	0.643112657	-0.502551921	-0.297205712	0.65528472	0.136977066	0.189670408
0.37091602	-0.908612652	0.40780453	0.602201614	-0.391385653	0.308025264	-1.133965609	0.459867416	0.213304986	0.105405608	-0.47251458	0.418714457	-0.520484403	0.517266536	-0.151986361	0.445154483	-0.110762515	-0.41085345	1.898026182	-0.016809788	-0.344497803	1.484612754	-0.107439641	-0.52402279	1.151730151	0.053592082	0.163229702	0.47138338	0.920951344
-0.200473383	-0.143015914	1.34218814	0.222374168	0.064221511	-1.50206094	-0.952008254	-0.735376961	-0.639852887	0.80685304	-0.512482246	-0.547220605	-0.412095586	-0.663721371	-0.296814677	-0.285881957	0.969437512	-0.718194841	-0.201033071	-0.396106137	-0.200343313	-0.372442515	-0.787689492	0.335487485	0.345177012	-0.673404359	0.226276777	-0.175898004	-0.24613882
-0.158846433	-0.265851932	0.838615336	0.174834856	-0.040334693	-0.712846204	-0.468475878	-0.004175491	-0.61783816	1.142411873	-0.600590033	-0.721034157	-0.57924526	0.359766019	-0.320334187	-0.439022721	-0.65839074	-0.161265697	1.51201678	0.129232228	-0.056403408	1.463268703	-0.603004407	-0.277324921	1.003816152	-0.222371462	0.121209584	0.421393273	0.544443987
1.512992477	0.154917326	-1.442448181	0.232872502	0.706398701	1.112486486	-0.712385279	-0.748343725	-1.516472937	-0.970410078	-0.27830969	0.316969978	0.239493537	-0.107692209	-0.193648342	0.1502371	-0.668578442	-0.411052207	0.026353303	0.291447581	1.161465045	0.416719124	0.734289916	1.781553663	1.24800544	0.766590579	2.044939711	-1.51266997	1.547006085
-0.168681272	0.456556794	0.064464116	-0.470696913	0.07501862	-0.436019175	-0.35331647	-0.750754295	0.136447646	0.199102378	0.17340148	-0.113309831	-0.8058002	0.536074431	-0.220020143	-0.34034629	0.147961399	1.795397239	1.378648594	0.441455725	1.479221365	1.145186644	-0.473001218	0.421173228	0.68824343	-1.010876765	0.508915001	0.276414441	0.594428684
-0.133520975	0.949340796	0.059206265	-0.474955042	0.437052089	-0.138605155	-0.011231551	-0.825776303	0.127252718	0.86060171	0.864187263	0.11626253	0.236029742	1.373633419	-0.349292154	-0.740339263	-0.89967829	-0.183788271	0.7116743	1.059303711	0.966799602	0.970906301	0.479443453	-0.153321875	0.698254521	0.339742484	0.605493364	0.066391052	0.951424471
1.319957893	0.854381995	-0.079282572	-0.90775037	1.587238126	0.248069511	-0.010813689	0.111719053	0.233355909	-1.136727846	-0.019550841	0.50188666	-0.653430172	-0.366399877	-0.467734871	-1.133172977	-0.545755835	0.309882751	1.302838501	0.44809568	0.77991334	0.892648077	0.263868665	0.923340208	-0.250104435	0.033254002	1.404881134	-0.048560821	1.233774884
1.125255396	-0.582881279	0.395695327	0.455821322	0.326296934	-0.752562757	-1.660209607	-0.448890288	-1.010708397	-1.155401385	-0.61297774	0.236158854	-0.997210101	0.345384674	-0.385880777	-0.090705996	1.314400669	-0.069827801	1.866067061	-0.42809378	-0.191834354	0.970826466	-0.124026262	0.799295829	0.890415718	-0.260119501	0.926619857	-0.387316305	0.634578704
0.5760223	-0.308659183	0.846090345	0.490676977	0.21050417	-0.973307304	-1.605144709	-0.827950859	-0.778641488	-0.361128605	-0.934323005	0.214906556	-0.426807153	0.946965467	-0.338952112	-0.325693906	1.035836685	-0.334703351	1.711933354	0.006039799	-0.848027311	1.520392303	-0.321154278	-0.576664534	2.658084372	-0.388570777	0.451656985	-0.444324088	0.466754407
0.263270601	-0.559770557	0.619870605	0.578225413	-0.285664668	-0.06841048	-1.302784199	-0.215414331	0.906321375	-0.24647302	-0.988509847	0.400437146	0.412838523	-0.028727932	0.008905175	0.136329228	1.254402046	1.099344526	0.322600978	-0.412208295	0.495163032	0.526253049	-0.355874808	0.558408967	0.780495698	-0.095598164	0.273009963	-0.324216575	0.03131649
